﻿"Secretaría Ejecutiva del Consejo Monetario Centroamericano",,,,,,
Precios,,,,,,
"Índice de precios al consumidor",,,,,,
"Unidad de medida: Niveles del índice y variaciones en porcentajes",,,,,,
Fechas,Guatemala,,,
,"IPC general","IPC variación mensual","IPC variación interanual","IPC variación acumulada con diciembre anterior"
2010-Enero,96.11,1.29,1.43,1.29
2010-Febrero,96.53,0.44,2.48,1.73
2010-Marzo,97.64,1.15,3.93,2.90
2010-Abril,97.55,-0.09,3.75,2.81
2010-Mayo,97.45,-0.10,3.51,2.70
2010-Junio,97.94,0.50,4.07,3.22
2010-Julio,98.30,0.37,4.12,3.60
2010-Agosto,98.35,0.05,4.10,3.65
2010-Setiembre,98.63,0.28,3.76,3.95
2010-Octubre,99.15,0.53,4.51,4.49
2010-Noviembre,99.92,0.78,5.26,5.31
2010-Diciembre,100.00,0.08,5.39,5.39
2011-Enero,100.82,0.82,4.90,0.82
2011-Febrero,101.58,0.75,5.23,1.58
2011-Marzo,102.52,0.93,5.00,2.52
2011-Abril,103.17,0.63,5.76,3.17
2011-Mayo,103.68,0.49,6.39,3.68
2011-Junio,104.23,0.53,6.42,4.23
2011-Julio,105.22,0.95,7.04,5.22
2011-Agosto,105.85,0.60,7.63,5.85
2011-Setiembre,105.78,-0.07,7.25,5.78
2011-Octubre,105.74,-0.04,6.65,5.74
2011-Noviembre,105.97,0.22,6.05,5.97
2011-Diciembre,106.20,0.22,6.20,6.20
2012-Enero,106.30,0.09,5.44,0.09
2012-Febrero,106.83,0.50,5.17,0.59
2012-Marzo,107.18,0.33,4.55,0.92
2012-Abril,107.58,0.37,4.27,1.30
2012-Mayo,107.72,0.13,3.90,1.43
2012-Junio,107.85,0.12,3.47,1.55
2012-Julio,108.23,0.35,2.86,1.91
2012-Agosto,108.72,0.45,2.71,2.37
2012-Setiembre,109.25,0.49,3.28,2.87
2012-Octubre,109.28,0.03,3.35,2.90
2012-Noviembre,109.27,-0.01,3.11,2.89
2012-Diciembre,109.86,0.54,3.45,3.45
2013-Enero,110.40,0.49,3.86,0.49
2013-Febrero,111.30,0.82,4.18,1.31
2013-Marzo,111.83,0.48,4.34,1.79
2013-Abril,112.02,0.17,4.13,1.97
2013-Mayo,112.32,0.27,4.27,2.24
2013-Junio,113.02,0.62,4.79,2.88
2013-Julio,113.36,0.30,4.74,3.19
2013-Agosto,113.52,0.14,4.42,3.33
2013-Setiembre,113.85,0.29,4.21,3.63
2013-Octubre,113.82,-0.03,4.15,3.60
2013-Noviembre,114.33,0.45,4.63,4.07
2013-Diciembre,114.68,0.31,4.39,4.39
2014-Enero,114.97,0.25,4.14,0.25
2014-Febrero,115.20,0.20,3.50,0.45
2014-Marzo,115.46,0.23,3.25,0.68
2014-Abril,115.68,0.19,3.27,0.87
2014-Mayo,115.94,0.22,3.22,1.10
2014-Junio,116.56,0.53,3.13,1.64
2014-Julio,117.23,0.57,3.41,2.22
2014-Agosto,117.72,0.42,3.70,2.65
2014-Setiembre,117.78,0.05,3.45,2.70
2014-Octubre,117.96,0.15,3.64,2.86
2014-Noviembre,118.19,0.19,3.38,3.06
2014-Diciembre,118.06,-0.11,2.95,2.95
2015-Enero,117.64,-0.36,2.32,-0.36
2015-Febrero,118.01,0.31,2.44,-0.04
2015-Marzo,118.26,0.21,2.43,0.17
2015-Abril,118.66,0.34,2.58,0.51
2015-Mayo,118.90,0.20,2.55,0.71
2015-Junio,119.34,0.37,2.39,1.08
2015-Julio,119.95,0.51,2.32,1.60
2015-Agosto,120.03,0.07,1.96,1.67
2015-Setiembre,119.99,-0.03,1.88,1.63
2015-Octubre,120.59,0.50,2.23,2.14
2015-Noviembre,121.16,0.47,2.51,2.63
2015-Diciembre,121.68,0.43,3.07,3.07
2016-Enero,122.79,0.91,4.38,0.91
2016-Febrero,123.05,0.21,4.27,1.13
2016-Marzo,123.30,0.20,4.26,1.33
2016-Abril,123.51,0.17,4.09,1.50
2016-Mayo,124.08,0.46,4.36,1.97
2016-Junio,124.63,0.44,4.43,2.42
2016-Julio,125.49,0.69,4.62,3.13
2016-Agosto,125.72,0.18,4.74,3.32
2016-Setiembre,125.46,-0.21,4.56,3.11
2016-Octubre,126.33,0.69,4.76,3.82
2016-Noviembre,126.82,0.39,4.67,4.22
2016-Diciembre,126.83,0.01,4.23,4.23
2017-Enero,127.49,0.52,3.83,0.52
2017-Febrero,127.92,0.34,3.96,0.86
2017-Marzo,128.23,0.24,4.00,1.10
2017-Abril,128.56,0.26,4.09,1.36
2017-Mayo,128.96,0.31,3.93,1.68
2017-Junio,130.07,0.86,4.36,2.55
2017-Julio,132.04,1.51,5.22,4.11
2017-Agosto,131.65,-0.30,4.72,3.80
2017-Setiembre,130.93,-0.55,4.36,3.23
2017-Octubre,131.64,0.54,4.20,3.79
2017-Noviembre,132.77,0.86,4.69,4.68
2017-Diciembre,134.03,0.95,5.68,5.68
2018-Enero,133.50,-0.40,4.71,-0.40
2018-Febrero,133.23,-0.20,4.15,-0.60
2018-Marzo,133.54,0.23,4.14,-0.37
2018-Abril,133.60,0.04,3.92,-0.32
2018-Mayo,134.23,0.47,4.09,0.15
2018-Junio,135.00,0.57,3.79,0.72
2018-Julio,135.48,0.36,2.61,1.08
2018-Agosto,136.08,0.44,3.36,1.53
2018-Setiembre,136.89,0.60,4.55,2.13
2018-Octubre,137.35,0.34,4.34,2.48
2018-Noviembre,136.95,-0.29,3.15,2.18
2018-Diciembre,137.13,0.13,2.31,2.31
2019-Enero,138.98,1.35,4.10,1.35
2019-Febrero,139.17,0.14,4.46,1.49
2019-Marzo,139.11,-0.04,4.17,1.44
2019-Abril,139.95,0.60,4.75,2.06
2019-Mayo,140.32,0.26,4.54,2.33
2019-Junio,141.48,0.83,4.80,3.17
2019-Julio,141.40,-0.06,4.37,3.11
2019-Agosto,140.18,-0.86,3.01,2.22
2019-Setiembre,139.36,-0.58,1.80,1.63
2019-Octubre,140.33,0.70,2.17,2.33
2019-Noviembre,140.95,0.44,2.92,2.79
2019-Diciembre,141.80,0.60,3.41,3.41
2020-Enero,141.46,-0.24,1.78,-0.24
2020-Febrero,140.89,-0.40,1.24,-0.64
2020-Marzo,141.57,0.48,1.77,-0.16
2020-Abril,142.58,0.71,1.88,0.55
2020-Mayo,142.85,0.19,1.80,0.74
2020-Junio,144.86,1.41,2.39,2.16
2020-Julio,145.47,0.42,2.88,2.59
2020-Agosto,146.05,0.40,4.19,3.00
2020-Setiembre,146.28,0.16,4.97,3.16
2020-Octubre,147.83,1.06,5.34,4.25
2020-Noviembre,148.65,0.55,5.46,4.83
2020-Diciembre,148.64,-0.01,4.82,4.82
2021-Enero,148.87,0.15,5.24,0.15
2021-Febrero,149.34,0.32,6.00,0.47
2021-Marzo,149.84,0.33,5.84,0.81
2021-Abril,150.00,0.11,5.20,0.91
2021-Mayo,150.24,0.16,5.17,1.08
2021-Junio,150.52,0.19,3.91,1.26
2021-Julio,151.02,0.33,3.82,1.60
2021-Agosto,151.33,0.21,3.62,1.81
2021-Setiembre,151.65,0.21,3.67,2.03
2021-Octubre,152.20,0.36,2.96,2.40
2021-Noviembre,152.94,0.49,2.89,2.89
2021-Diciembre,153.20,0.17,3.07,3.07
2022-Enero,153.14,-0.04,2.87,-0.04
